image: /home/louis/ros/src/MOBRO_ROS/maps/imuD103.pgm
resolution: 0.010000
origin: [-9.531835, -10.127864, 0.000000]
negate: 0
occupied_thresh: 0.65
free_thresh: 0.196

