image: map.pgm
resolution: 0.010000
origin: [-7.638338, -6.732964, 0.000000]
negate: 0
occupied_thresh: 0.65
free_thresh: 0.196

