image: /home/louis/ros/src/MOBRO_ROS/maps/save.pgm
resolution: 0.010000
origin: [-10.297874, -10.511222, 0.000000]
negate: 0
occupied_thresh: 0.65
free_thresh: 0.196

